1.3000 1.5873 2.1503
1.4726 1.8014 2.4831
1.5606 1.9232 2.7339
1.7622 2.1773 3.0442
1.7231 2.1404 3.0467
1.5617 1.9305 2.7077
1.3837 1.6955 2.3005
1.1996 1.4659 1.9604
1.2399 1.5100 2.0460
1.4560 1.7782 2.4041
1.5535 1.9030 2.6318
1.6044 1.9833 2.8138
1.3368 1.6504 2.3337
1.2699 1.5616 2.1539
1.1038 1.3534 1.8594
0.9661 1.1780 1.5974
1.0042 1.2274 1.6454
1.0888 1.3302 1.7892
1.1774 1.4384 1.9686
1.2351 1.5175 2.1400
1.2050 1.4723 2.0103
1.1520 1.4236 1.9959
0.9432 1.1599 1.5985
0.8916 1.0843 1.4783
0.7748 0.9456 1.2446
0.8324 1.0115 1.3350
0.9436 1.1556 1.5387
0.8602 1.0551 1.4428
0.9356 1.1491 1.5545
0.8686 1.0640 1.4264
0.8046 0.9759 1.3076
0.7056 0.8636 1.1473
0.6709 0.8137 1.0822
0.7536 0.9175 1.2015
0.7968 0.9731 1.2907
0.8202 0.9990 1.3169
0.6722 0.8202 1.0989
0.6270 0.7611 1.0041
0.5769 0.6976 0.9182
0.4540 0.5478 0.7205
0.4821 0.5863 0.7663
0.4461 0.5403 0.7045
0.4866 0.5932 0.7855
0.5768 0.6993 0.9088
0.5610 0.6826 0.8794
0.4990 0.6045 0.7878
0.4789 0.5798 0.7609
0.4460 0.5357 0.7066
0.6728 0.8208 1.0809
0.7568 0.9313 1.2723
0.8598 1.0650 1.4774
0.9068 1.1228 1.5757
0.9094 1.1358 1.6109
0.8237 1.0194 1.4294
0.7385 0.9054 1.1998
0.6190 0.7609 1.0173
0.6557 0.8019 1.0608
0.7503 0.9220 1.2500
0.8104 1.0029 1.3805
0.8448 1.0396 1.4282
0.7399 0.9145 1.2434
0.6592 0.8069 1.0962
0.6332 0.7788 1.0731
0.5227 0.6408 0.8585
0.5383 0.6527 0.8655
0.6392 0.7848 1.0456
0.6575 0.8037 1.0702
0.6915 0.8556 1.1897
0.6699 0.8189 1.1258
0.6401 0.7827 1.0607
0.5466 0.6667 0.9128
0.5194 0.6342 0.8482
0.4377 0.5340 0.7123
0.4852 0.5880 0.7818
0.5328 0.6532 0.8846
0.5501 0.6713 0.9044
0.5394 0.6632 0.9029
0.5230 0.6393 0.8591
0.4801 0.5880 0.7889
0.4231 0.5151 0.6950
0.3846 0.4647 0.5973
0.4263 0.5192 0.6803
0.4586 0.5557 0.7342
0.4544 0.5510 0.7269
0.4385 0.5335 0.7026
0.4239 0.5162 0.6743
0.3917 0.4765 0.6295
0.3318 0.3981 0.5248
0.3060 0.3693 0.4760
0.3435 0.4160 0.5374
0.3677 0.4479 0.5822
0.3967 0.4836 0.6334
0.3583 0.4355 0.5665
0.3529 0.4264 0.5652
0.3312 0.3986 0.5233
0.3004 0.3599 0.4748
